x =  [1,2,3,4,5];
x[7] = 3;

y = [[1, 2, 3], [4, 5, 6]];
y[1,5] = 4;